1000
70
67
74
73
70
3
33
15
65
3
28
33
26
4
4
14
86
98
45
84
46
8
84
80
41
46
40
55
12
86
19
82
5
28
11
35
5
66
64
54
26
35
22
50
72
66
64
25
30
49
19
32
43
27
17
34
77
19
9
70
3
97
41
52
14
47
43
83
30
98
2
53
75
24
69
76
31
75
56
92
4
43
56
27
71
91
35
17
6
0
51
0
23
57
9
20
74
86
33
89
79
61
41
60
72
42
57
23
10
1
30
95
38
92
0
87
15
65
81
97
53
99
89
5
12
76
63
89
90
11
65
87
77
22
98
21
18
15
30
90
84
13
81
75
36
87
16
73
97
53
98
62
85
54
60
34
62
28
61
25
99
33
43
2
89
25
41
6
23
76
26
17
89
33
20
22
70
37
72
95
11
0
16
65
5
66
37
78
99
68
71
56
88
22
47
7
79
56
65
59
16
17
19
35
14
95
27
27
92
46
47
78
39
54
78
77
67
0
3
83
46
87
13
27
59
25
44
51
86
6
82
47
56
31
71
42
40
80
7
24
79
34
72
44
12
69
88
20
76
75
74
57
54
39
89
17
82
47
7
35
80
87
30
54
98
66
26
33
75
32
14
90
89
52
71
5
23
42
0
20
34
44
51
99
66
9
17
73
94
15
28
26
71
94
47
87
93
97
69
36
23
23
59
26
26
19
43
15
3
8
54
53
79
97
46
67
18
12
81
44
72
66
16
9
32
65
78
74
73
23
21
75
55
86
94
51
90
6
51
6
79
13
84
61
57
39
29
75
3
52
83
93
64
54
8
3
8
55
51
62
6
7
51
59
71
2
93
46
1
50
62
10
81
37
95
95
24
54
41
61
49
51
97
45
65
36
55
70
7
98
25
32
73
3
11
47
5
41
64
52
18
37
71
82
75
10
76
59
93
10
65
4
99
82
98
94
86
10
14
40
29
23
87
32
75
28
44
71
62
72
28
17
29
71
49
64
40
97
78
58
73
81
11
92
32
37
90
63
74
3
38
43
37
16
52
8
43
42
51
92
89
90
76
3
18
78
79
78
21
0
46
46
34
94
66
77
52
70
51
95
86
20
26
53
64
86
16
11
14
87
8
84
99
59
24
17
14
97
14
79
31
27
95
81
49
47
59
11
41
94
33
49
66
5
72
0
83
1
97
12
67
96
95
86
44
0
71
91
14
19
25
54
2
29
14
14
19
26
27
37
51
98
32
63
63
95
62
6
91
31
56
74
26
68
94
70
26
12
2
35
29
91
84
8
18
19
0
87
17
23
66
32
9
94
99
34
54
62
46
16
83
49
19
20
30
58
2
81
45
80
7
65
27
71
84
4
54
2
53
95
44
43
0
16
8
9
20
65
31
58
55
68
27
90
9
54
77
56
87
69
63
54
35
45
42
75
57
58
29
3
48
31
31
79
90
74
64
91
38
33
45
15
66
5
28
21
72
63
66
62
78
22
52
13
2
43
86
29
64
8
39
51
78
98
18
58
38
98
59
10
73
82
49
35
56
78
72
31
61
46
27
36
68
47
54
41
2
86
34
15
90
73
63
98
62
31
14
42
6
63
23
54
45
97
15
70
84
23
54
19
51
68
44
21
95
23
55
86
28
64
88
15
88
18
28
63
2
7
28
47
69
88
19
48
0
12
47
62
86
72
25
55
33
32
84
65
10
12
70
29
17
54
87
60
12
7
36
78
83
49
97
27
29
22
57
79
28
17
71
75
24
75
8
7
21
18
84
33
28
0
83
45
53
91
42
20
54
29
48
41
14
0
9
67
44
66
95
14
17
72
60
84
29
32
66
47
89
96
79
26
20
72
72
75
68
26
70
54
65
58
3
67
92
86
5
3
83
83
7
49
34
17
18
96
94
39
86
35
44
2
59
93
46
7
55
10
30
16
65
90
76
18
23
91
66
86
50
0
92
9
97
5
73
35
38
40
43
54
29
75
95
22
84
64
38
24
36
41
25
49
21
37
87
69
61
73
79
18
88
16
9
74
63
68
58
56
92
57
67
80
34
7
13
48
26
23
22
13
97
95
29
17
71
9
16
65
47
98
5
71
12
69
36
86
10
10
38
33
6
85
86
6
10
7
16
85
49
87
66
57
94
46
46
55
73
37
56
38
96
24
71
47
88
37
86
78
50
10
37
27
12
13
33
93
42
11
6
76
98
43
54
86
39
97
82
64
68
7
79
11
51
87
80
82
19
34
69
27
22
80
86
25
39
9
18
13
89
13
62
26
